17.6
84.46
38.52
89.84
3.72
19.8
96.88
57.17
19.33
92.0
67.89
62.84
73.79
40.05
15.4
52.86
5.52
36.33
71.02
12.2
28.81
82.61
51.66
88.63
77.38
32.71
91.68
28.67
76.56
80.94
35.08
23.58
66.09
44.87
72.38
19.9
98.73
44.23
63.87
87.5
48.99
77.26
76.43
7.38
49.31
16.9
47.07
18.49
48.81
18.61
41.65
67.14
33.92
55.47
20.98
98.24
78.4
83.38
92.16
12.94
66.37
53.08
38.0
28.2
31.3
66.84
2.95
62.28
59.55
43.38
41.31
36.81
33.16
39.55
18.2
84.36
24.99
78.53
9.23
20.09
71.41
67.94
37.57
31.59
35.89
60.03
49.64
36.8
54.93
91.28
5.35
74.12
27.79
97.84
85.67
2.22
2.71
70.03
43.74
22.14